54487950
54487951
54487940
54487944
54487948
54487924
54487926
54487919
54487938
54487917
54487941
54487949
54487969
54487947
54487957
54487925
54487931
54487937
54487923
68582641
69054282
68575593
68654982
69054289
69054271
68581459
68575582
68575583
68575585
68575595
68575598
68575600
68168937
68168958
68168966
68168950
68168969
54487929
54487936
54487967
54487920
54487934
68575592
54487922
69054309
68575601
68168946
68168944
54487921
68575584
54487966
68575596
68168963
68168954
68575586
68168962
68575594
54487952
54487953
54487945
54487959
68168975
68168938
68575599
68168973
54487930
54487935
54487961
54487960
54487963
68739626
68759240
68168968
68168935
68168939
68168949
68745237
68168947
68168943
68168940
63642642
63642641
63642640
63642647
63642646
63642645
63642644
68525729
68574068
68575587
68524864
68575624
68575591
68575590
68575597
63346022
63013715
54487943
54487942
54487962
54487955
54487956
54487970
54487915
54487916
69105831
54487965
68893805
68929944
68839847
68168953
68954403
68858275
68168948
68168959
68168961
68168971
69337710
69338341
69418741
68168936
68168932
68168931
68168972
68168942
68168965
68168974
52620250
52620248
68168952
68168957
68609924
68609925
68609926
68168967
69475090
68609923
69580734
68168945
52620249
54959835
54959855
69558216
54959867
54959845
68168964
68168941
69326018
69247950
69300590
68168951
68168934
68168960
69328936
68168970
70119181
54100983
54100982
54100985
55195173
55195172
55195171
55195170
55195177
69326455
69162213
55195181
55195176
55195178
68061170
69785407
69834930
69834878
69152843
69017679
55629112
55629111
55629110
70081504
69827894
69835406
69957081
68346799
67680098
68333835
68222754
70383826
68378590
68117316
67832926
68424681
68492234
70697275
69895819
69957083
69957079
69957082
68513360
68575588
70698513
70035155
70480910
69946817
69957080
69957084
69957085
69957086
69957087
70733348
70705204
70748649
70480907
70734459
70734517
70740950
70739913
70674349
68915655
70446761
55625000
70436502
70576954
70250109
70270011
69108383
68168955
68168956
68168933
70515361
69108377
70189643
70197049
70503754
70760459
67289764
67512567
67378583
63642649
63642654
63642648
61541284
61194190
60587671
60335373
61274656
